Cluster 1:
great: 0.35638645524695295
product: 0.08095600696824452
love: 0.06382756992382635
taste: 0.06349352346998752
flavor: 0.05058217645505845


Cluster 2:
product: 0.0735421476874066
taste: 0.05822909851249515
love: 0.054107244246421354
flavor: 0.050853445489019024
will: 0.0488431368275202


Cluster 3:
coffee: 0.486490971424401
cup: 0.10315838523452553
flavor: 0.07385362102983684
good: 0.068370219657875
taste: 0.06743252042456226


Cluster 4:
tea: 0.538212734751648
flavor: 0.06795032596427777
taste: 0.0660052300531644
good: 0.059490325323250014
green: 0.05763416016749095


Cluster 5:
chocolate: 0.38364541577008276
taste: 0.07921424732582621
good: 0.06739202137675235
flavor: 0.06018846774018523
dark: 0.053787790937217056


Cluster 6:
oil: 0.3751273352491194
coconut: 0.10445656011232315
olive: 0.08541723622887656
product: 0.07793998879504792
great: 0.060565654148492715


Cluster 7:
good: 0.340412840778012
taste: 0.08011077081106834
product: 0.057410546588434884
flavor: 0.055747277252320857
great: 0.04800321696679878


Cluster 8:
food: 0.4236549111817863
cat: 0.11190671310722664
dog: 0.08305206923488827
cats: 0.07539950364474757
eat: 0.06638183107468756


Cluster 9:
dog: 0.32125303971427266
treats: 0.1904409919114581
dogs: 0.11880989081979147
loves: 0.09091192124411958
treat: 0.0877847257592888


Cluster 10:
free: 0.3147609603406558
gluten: 0.21056641891708183
sugar: 0.0704987773557901
taste: 0.06276329439749861
good: 0.054659406730743924